0.007751937984496124
0.006968641114982578
0.017191977077363897
0.010504844467108617
0.0
0.05347501928185791
0.02428455357948903
0.005208333333333334
0.023584905660377357
0.0
0.008771929824561403
0.027586206896551724
0.16514896008993815
0.015665796344647518
0.002349087304152928
0.046296296296296294
0.03178151423850714
0.0
0.088163174320107
0.0
0.013297872340425532
0.0
0.00792393026941363
0.0
0.0
0.0
0.003948979732239911
0.060262149565003725
0.021645021645021644
0.0
0.013636363636363637
0.03389830508474576
0.013409443200551142
0.012497929282703529
0.00684931506849315
0.0
0.0
0.0199725866457803
0.0
0.06604324956165986
0.0
