0.0
0.019521001656429757
0.04189944134078212
0.0
0.0
0.08330578512396696
0.02799109279723627
0.07281553398058252
0.07174887892376682
0.0
0.10317460317460317
0.06622516556291391
0.09815113537659759
0.030848329048843187
0.0
0.10434782608695653
0.04971805940253714
0.0
0.06588921282798833
0.0
0.034055405123932514
0.0
0.030959752321981424
0.0
0.0
0.0
0.0
0.026859860525861857
0.03829787234042553
0.0
0.026905829596412557
0.07317073170731707
0.0
0.022887323943661973
0.02847571189279732
0.0
0.0755608028335301
0.010491668380991566
0.0
0.07419566644780039
0.0
