0.0
0.4475927425115482
0.004830917874396135
0.0
0.008542335816305612
0.06602148773886655
0.02442030222019984
0.023529411764705882
0.014492753623188406
0.006972139331232395
0.019138755980861243
0.01483352765902319
0.3984566818660119
0.010830324909747294
0.006779661016949152
0.0
0.3545369504209542
0.023529411764705882
0.20453819111537233
0.0
0.024096385542168672
0.0
0.011527377521613832
0.0
0.0
0.0
0.017045454545454544
0.053091211533130026
0.01388888888888889
0.0
0.0
0.0
0.011527377521613832
0.4629629629629629
0.0136986301369863
0.02127659574468085
0.007936507936507936
0.06755601162989566
0.02000712722089294
0.37156575086689786
0.0
