0.0038910505836575876
0.0
0.014367816091954023
0.019999999999999997
0.0
0.04534718941898913
0.007517956457337693
0.005208333333333334
0.023584905660377357
0.0
0.008771929824561403
0.020833333333333332
0.14587703727610132
0.010498687664041995
0.00234192037470726
0.02830188679245283
0.01584583824645851
0.003397840223398231
0.25472696324239774
0.0
0.008021390374331552
0.0
0.0047694753577106515
0.0
0.0
0.0
0.00392156862745098
0.03767202195178149
0.013100436681222707
0.0
0.0091324200913242
0.017241379310344827
0.00806451612903226
0.010768405276888634
0.005145797598627788
0.0
0.0
0.008758371973209686
0.0070826718769080475
0.06604324956165984
0.0
