0.0
0.14172664629703022
0.019047619047619046
0.0
0.04098360655737705
0.06543385490753911
0.06313630261986998
0.023529411764705882
0.04895104895104895
0.013847730356994489
0.02380952380952381
0.019596097894916994
0.17305361305361305
0.010830324909747294
0.010135135135135134
0.022988505747126436
0.1649684427121461
0.029239766081871343
0.09310097875387921
0.0
0.024096385542168672
0.0
0.019999999999999997
0.0
0.0
0.0
0.028089887640449437
0.09055003129128711
0.01388888888888889
0.0
0.006545530711630099
0.04065040650406504
0.011527377521613832
0.15024262784621129
0.02262443438914027
0.028169014084507043
0.011857707509881424
0.07621461005132427
0.01962252846015578
0.13643416447154766
0.0
