0.0
0.5
0.004830917874396135
0.0
0.0
0.48711943793911006
0.01857299417430928
0.011904761904761906
0.014492753623188406
0.006972139331232395
0.019138755980861243
0.01483352765902319
0.4789287120913745
0.007246376811594203
0.006779661016949152
0.011674060238150829
0.5
0.005988023952095809
0.43068509204551003
0.0
0.024096385542168672
0.0
0.011527377521613832
0.0
0.0
0.0
0.017045454545454544
0.04637926858803584
0.009302325581395349
0.0
0.0
0.0
0.011527377521613832
0.5
0.009174311926605503
0.02127659574468085
0.007936507936507936
0.22971186888712664
0.0
0.5
0.0
