0.0
0.010217288115914314
0.008670520231213874
0.0
0.0
0.029371271225332722
0.003966440083162536
0.005208333333333334
0.00962415996017589
0.0
0.008822187294022208
0.013986013986013986
0.0
0.010498687664041995
0.00234192037470726
0.0
0.012795930346311877
0.0
0.0
0.0
0.008021390374331552
0.0
0.0047694753577106515
0.0
0.0
0.0
0.00392156862745098
0.009467421358155157
0.0
0.0
0.0091324200913242
0.017241379310344827
0.00806451612903226
0.013435833506475519
0.0017211703958691911
0.0
0.005714285714285714
0.0
0.0
0.0
0.0

