0.7013241785188818
0.5812950129093626
0.6741456104566457
0.984656652360515
0.6502840714627969
0.6563978057467447
0.7396915546936326
0.7038477610980745
0.6369639282076498
0.6643648284289954
0.6187401717672674
0.850668647845468
0.5309508615188258
0.5991975592426966
0.569837493039032
0.7406421855596949
0.6546336721320013
0.7031036296685955
0.4826261821080474
0.9047445064982516
0.5960935458583747
0.6776633746585417
0.695832624420625
0.703747563264042
0.6315356597344612
0.6244343891402715
0.6559964866480427
0.6588157459477342
0.8192398617930533
0.5886654478976234
0.7170623089406347
0.7221411514990713
0.7608914377703995
0.5407869481765835
0.643434632282216
0.6325301204819277
0.9392318911035489
0.6424362540771618
0.7073283364711733
0.4751465161710441
0.8431923867200173
